 const app = new Application();

			

			const onLoad = () => {
				
				
			}

			

			
			app.start([212,114,64,149,166,115,99,104,101,109,97,165,115,99,101,110,101,166,102,114,97,109,101,115,166,115,104,97,114,101,100,167,118,101,114,115,105,111,110,204,107,212,114,65,147,167,111,98,106,101,99,116,115,167,112,117,98,108,105,115,104,166,115,116,121,108,101,115,212,3,0,145,212,114,66,148,162,102,105,162,105,100,164,100,97,116,97,168,99,104,105,108,100,114,101,110,1,217,36,97,50,49,56,102,99,99,51,45,50,55,54,98,45,52,57,98,57,45,98,52,56,53,45,52,57,48,51,55,102,100,49,52,102,53,102,212,114,67,220,0,22,164,116,121,112,101,166,115,116,97,116,101,115,166,101,118,101,110,116,115,167,118,105,115,105,98,108,101,171,114,97,121,99,97,115,116,76,111,99,107,167,112,104,121,115,105,99,115,172,112,97,116,104,83,110,97,112,112,105,110,103,168,112,111,115,105,116,105,111,110,168,114,111,116,97,116,105,111,110,165,115,99,97,108,101,172,104,105,100,100,101,110,77,97,116,114,105,120,166,99,108,111,110,101,114,175,98,97,99,107,103,114,111,117,110,100,67,111,108,111,114,174,112,111,115,116,112,114,111,99,101,115,115,105,110,103,163,102,111,103,173,103,108,111,98,97,108,80,104,121,115,105,99,115,167,97,109,98,105,101,110,116,162,97,111,166,115,104,97,100,111,119,167,112,117,98,108,105,115,104,166,99,97,109,101,114,97,164,110,97,109,101,164,80,97,103,101,214,105,0,0,0,1,212,2,0,144,214,105,0,0,0,2,212,2,0,144,195,194,212,114,68,156,167,101,110,97,98,108,101,100,169,102,117,115,101,100,66,111,100,121,169,114,105,103,105,100,66,111,100,121,167,100,101,110,115,105,116,121,169,112,111,105,110,116,77,97,115,115,172,103,114,97,118,105,116,121,83,99,97,108,101,168,102,114,105,99,116,105,111,110,167,100,97,109,112,105,110,103,171,114,101,115,116,105,116,117,116,105,111,110,172,99,111,108,108,105,100,101,114,84,121,112,101,175,101,110,97,98,108,101,100,82,111,116,97,116,105,111,110,178,101,110,97,98,108,101,100,84,114,97,110,115,108,97,116,105,111,110,170,118,105,115,105,98,105,108,105,116,121,194,170,112,111,115,105,116,105,111,110,101,100,1,0,1,203,63,224,0,0,0,0,0,0,0,203,63,201,153,153,153,153,153,154,166,99,111,110,118,101,120,214,105,0,0,0,3,147,195,195,195,214,105,0,0,0,4,147,195,195,195,214,105,0,0,0,5,212,114,69,148,166,112,97,116,104,73,100,165,115,108,105,100,101,166,111,102,102,115,101,116,171,111,114,105,101,110,116,97,116,105,111,110,192,0,0,170,116,97,110,103,101,110,116,105,97,108,147,0,0,0,214,105,0,0,0,18,147,0,0,0,214,105,0,0,0,6,147,1,1,1,214,105,0,0,0,7,220,0,16,1,0,0,0,0,1,0,0,0,0,1,0,0,0,0,1,192,212,114,70,148,161,114,161,103,161,98,161,97,203,63,198,150,150,150,150,150,151,203,63,199,23,23,23,23,23,23,203,63,201,25,25,25,25,25,25,1,212,114,71,153,167,101,110,97,98,108,101,100,170,112,105,120,101,108,97,116,105,111,110,165,98,108,111,111,109,179,99,104,114,111,109,97,116,105,99,65,98,101,114,114,97,116,105,111,110,168,118,105,103,110,101,116,116,101,173,104,117,101,83,97,116,117,114,97,116,105,111,110,178,98,114,105,103,104,116,110,101,115,115,67,111,110,116,114,97,115,116,172,100,101,112,116,104,79,102,70,105,101,108,100,165,110,111,105,115,101,194,212,114,72,148,167,111,112,97,99,105,116,121,173,98,108,101,110,100,70,117,110,99,116,105,111,110,167,101,110,97,98,108,101,100,171,103,114,97,110,117,108,97,114,105,116,121,1,16,194,15,212,114,73,152,167,111,112,97,99,105,116,121,173,98,108,101,110,100,70,117,110,99,116,105,111,110,167,101,110,97,98,108,101,100,169,105,110,116,101,110,115,105,116,121,169,98,108,117,114,83,99,97,108,101,178,108,117,109,105,110,97,110,99,101,84,104,114,101,115,104,111,108,100,178,108,117,109,105,110,97,110,99,101,83,109,111,111,116,104,105,110,103,170,107,101,114,110,101,108,83,105,122,101,1,16,194,1,1,203,63,208,0,0,0,0,0,0,203,63,153,153,153,153,153,153,154,3,212,114,74,148,167,111,112,97,99,105,116,121,173,98,108,101,110,100,70,117,110,99,116,105,111,110,167,101,110,97,98,108,101,100,166,111,102,102,115,101,116,1,13,194,146,2,2,212,114,75,149,167,111,112,97,99,105,116,121,173,98,108,101,110,100,70,117,110,99,116,105,111,110,167,101,110,97,98,108,101,100,168,100,97,114,107,110,101,115,115,166,111,102,102,115,101,116,1,13,194,1,0,212,114,76,149,167,111,112,97,99,105,116,121,173,98,108,101,110,100,70,117,110,99,116,105,111,110,167,101,110,97,98,108,101,100,163,104,117,101,170,115,97,116,117,114,97,116,105,111,110,1,13,194,3,0,212,114,77,149,167,111,112,97,99,105,116,121,173,98,108,101,110,100,70,117,110,99,116,105,111,110,167,101,110,97,98,108,101,100,170,98,114,105,103,104,116,110,101,115,115,168,99,111,110,116,114,97,115,116,1,13,194,203,63,208,0,0,0,0,0,0,0,212,114,78,150,167,111,112,97,99,105,116,121,173,98,108,101,110,100,70,117,110,99,116,105,111,110,167,101,110,97,98,108,101,100,171,102,111,99,97,108,76,101,110,103,116,104,173,102,111,99,117,115,68,105,115,116,97,110,99,101,170,98,111,107,101,104,83,99,97,108,101,1,13,194,2,2,2,212,114,79,147,167,111,112,97,99,105,116,121,173,98,108,101,110,100,70,117,110,99,116,105,111,110,167,101,110,97,98,108,101,100,1,16,194,212,114,80,149,167,101,110,97,98,108,101,100,178,117,115,101,66,97,99,107,103,114,111,117,110,100,67,111,108,111,114,165,99,111,108,111,114,164,110,101,97,114,163,102,97,114,194,194,212,114,81,147,161,114,161,103,161,98,1,1,1,203,63,185,153,153,153,153,153,154,205,7,208,212,114,82,146,170,117,115,101,80,104,121,115,105,99,115,167,103,114,97,118,105,116,121,194,246,212,114,83,147,167,101,110,97,98,108,101,100,165,99,111,108,111,114,169,105,110,116,101,110,115,105,116,121,195,81,203,63,234,122,122,122,122,122,122,203,63,234,122,122,122,122,122,122,203,63,234,122,122,122,122,122,122,203,63,232,0,0,0,0,0,0,212,114,84,149,169,111,99,99,108,117,115,105,111,110,169,97,111,70,117,108,108,82,101,115,166,114,97,100,105,117,115,164,98,105,97,115,167,97,111,67,111,108,111,114,194,194,205,1,0,203,63,224,0,0,0,0,0,0,81,203,63,201,25,25,25,25,25,26,203,63,201,25,25,25,25,25,26,203,63,201,25,25,25,25,25,26,212,114,85,145,177,115,111,102,116,83,104,97,100,111,119,81,117,97,108,105,116,121,163,108,111,119,212,114,86,146,170,112,108,97,121,67,97,109,101,114,97,177,103,97,109,101,67,111,110,116,114,111,108,79,98,106,101,99,116,175,112,101,114,115,111,110,97,108,32,99,97,109,101,114,97,192,212,114,87,220,0,18,166,115,116,97,116,101,115,166,101,118,101,110,116,115,167,118,105,115,105,98,108,101,171,114,97,121,99,97,115,116,76,111,99,107,167,112,104,121,115,105,99,115,172,112,97,116,104,83,110,97,112,112,105,110,103,168,112,111,115,105,116,105,111,110,168,114,111,116,97,116,105,111,110,165,115,99,97,108,101,172,104,105,100,100,101,110,77,97,116,114,105,120,166,99,108,111,110,101,114,163,102,97,114,164,116,121,112,101,171,112,101,114,115,112,101,99,116,105,118,101,172,111,114,116,104,111,103,114,97,112,104,105,99,162,117,112,177,105,115,85,112,86,101,99,116,111,114,70,108,105,112,112,101,100,172,116,97,114,103,101,116,79,102,102,115,101,116,214,112,0,0,0,1,214,112,0,0,0,2,195,194,214,105,0,0,0,17,68,170,118,105,115,105,98,105,108,105,116,121,195,170,112,111,115,105,116,105,111,110,101,100,1,0,1,203,63,224,0,0,0,0,0,0,0,203,63,201,153,153,153,153,153,154,166,99,111,110,118,101,120,214,112,0,0,0,3,214,112,0,0,0,4,214,112,0,0,0,5,147,203,192,142,229,87,1,62,72,48,203,192,65,142,129,230,184,193,171,203,192,98,62,165,205,188,200,233,147,203,64,100,207,37,38,9,242,86,203,192,84,87,108,158,95,31,53,203,64,100,211,223,134,120,240,191,214,112,0,0,0,6,214,112,0,0,0,7,192,206,0,1,134,160,178,79,114,116,104,111,103,114,97,112,104,105,99,67,97,109,101,114,97,212,114,88,147,164,110,101,97,114,163,102,111,118,164,122,111,111,109,204,70,45,1,212,114,89,146,164,110,101,97,114,164,122,111,111,109,210,255,254,121,96,203,63,248,250,255,67,252,179,247,147,0,1,0,194,205,3,232,167,83,99,101,110,101,32,49,149,66,203,192,5,157,146,112,49,101,32,217,36,49,48,99,102,53,49,56,49,45,53,101,97,52,45,52,101,100,98,45,56,97,56,102,45,49,52,57,102,57,51,52,48,53,48,48,100,212,114,90,220,0,20,166,115,116,97,116,101,115,166,101,118,101,110,116,115,167,118,105,115,105,98,108,101,164,116,121,112,101,171,114,97,121,99,97,115,116,76,111,99,107,167,112,104,121,115,105,99,115,172,112,97,116,104,83,110,97,112,112,105,110,103,168,112,111,115,105,116,105,111,110,168,114,111,116,97,116,105,111,110,165,115,99,97,108,101,172,104,105,100,100,101,110,77,97,116,114,105,120,166,99,108,111,110,101,114,171,102,108,97,116,83,104,97,100,105,110,103,169,119,105,114,101,102,114,97,109,101,164,115,105,100,101,170,99,97,115,116,83,104,97,100,111,119,173,114,101,99,101,105,118,101,83,104,97,100,111,119,168,103,101,111,109,101,116,114,121,168,109,97,116,101,114,105,97,108,164,110,97,109,101,214,105,0,0,0,8,212,2,0,144,214,105,0,0,0,9,212,2,0,144,195,164,77,101,115,104,194,214,105,0,0,0,10,68,170,118,105,115,105,98,105,108,105,116,121,195,170,112,111,115,105,116,105,111,110,101,100,1,0,1,203,63,224,0,0,0,0,0,0,0,203,63,201,153,153,153,153,153,154,166,99,111,110,118,101,120,147,195,195,195,147,195,195,195,214,105,0,0,0,11,69,192,0,0,170,116,97,110,103,101,110,116,105,97,108,147,203,192,65,107,126,76,119,248,0,203,192,73,192,0,0,0,0,0,203,64,27,221,142,55,11,239,216,214,105,0,0,0,12,147,0,208,166,0,214,105,0,0,0,13,147,1,1,1,214,105,0,0,0,14,220,0,16,1,0,0,0,0,1,0,0,0,0,1,0,0,0,0,1,192,194,194,0,195,195,214,105,0,0,0,15,212,114,91,154,165,119,105,100,116,104,173,119,105,100,116,104,83,101,103,109,101,110,116,115,174,104,101,105,103,104,116,83,101,103,109,101,110,116,115,168,112,104,105,83,116,97,114,116,169,112,104,105,76,101,110,103,116,104,170,116,104,101,116,97,83,116,97,114,116,171,116,104,101,116,97,76,101,110,103,116,104,166,104,101,105,103,104,116,165,100,101,112,116,104,164,116,121,112,101,38,204,64,204,64,0,203,64,25,33,251,84,68,45,24,0,204,180,204,83,38,174,83,112,104,101,114,101,71,101,111,109,101,116,114,121,212,114,92,146,166,108,97,121,101,114,115,164,110,97,109,101,214,105,0,0,0,16,212,2,0,146,212,114,93,147,162,102,105,164,100,97,116,97,162,105,100,0,212,114,94,157,164,109,111,100,101,166,105,115,77,97,115,107,167,118,105,115,105,98,108,101,167,98,117,109,112,77,97,112,176,98,117,109,112,77,97,112,73,110,116,101,110,115,105,116,121,172,114,111,117,103,104,110,101,115,115,77,97,112,173,97,108,112,104,97,79,118,101,114,114,105,100,101,168,99,97,116,101,103,111,114,121,168,115,112,101,99,117,108,97,114,169,115,104,105,110,105,110,101,115,115,164,116,121,112,101,169,111,99,99,108,117,115,105,111,110,165,97,108,112,104,97,0,194,195,212,0,0,5,212,0,0,1,165,112,104,111,110,103,81,203,63,201,153,153,153,153,153,154,203,63,201,153,153,153,153,153,154,203,63,201,153,153,153,153,153,154,5,165,108,105,103,104,116,195,203,63,227,51,51,51,51,51,51,166,108,97,121,101,114,49,93,1,212,114,95,150,165,97,108,112,104,97,164,109,111,100,101,166,105,115,77,97,115,107,167,118,105,115,105,98,108,101,164,116,121,112,101,165,99,111,108,111,114,1,0,194,195,165,99,111,108,111,114,81,203,63,213,21,21,21,21,21,21,203,63,213,21,21,21,21,21,21,203,63,214,214,214,214,214,214,215,166,108,97,121,101,114,50,177,83,112,104,101,114,101,32,52,32,77,97,116,101,114,105,97,108,168,83,112,104,101,114,101,32,52,144,66,203,192,2,152,74,241,237,200,60,217,36,54,101,99,54,49,49,49,99,45,100,55,56,48,45,52,100,53,49,45,98,54,52,98,45,49,49,98,54,99,56,48,98,50,53,48,51,90,214,112,0,0,0,8,214,112,0,0,0,9,195,164,77,101,115,104,194,214,112,0,0,0,10,214,112,0,0,0,11,147,203,64,8,63,194,42,64,192,0,203,192,73,192,0,0,0,0,0,203,64,77,127,255,255,255,255,254,214,112,0,0,0,12,214,112,0,0,0,13,214,112,0,0,0,14,192,194,194,0,195,195,214,112,0,0,0,15,92,214,112,0,0,0,16,177,83,112,104,101,114,101,32,51,32,77,97,116,101,114,105,97,108,168,83,112,104,101,114,101,32,51,144,66,203,191,254,38,140,35,101,165,102,217,36,51,102,55,50,100,98,102,101,45,57,53,52,50,45,52,56,50,48,45,57,52,101,57,45,56,53,51,52,100,51,54,51,55,49,102,101,90,214,112,0,0,0,8,214,112,0,0,0,9,195,164,77,101,115,104,194,214,112,0,0,0,10,214,112,0,0,0,11,147,208,182,203,192,73,192,0,0,0,0,0,59,214,112,0,0,0,12,214,112,0,0,0,13,214,112,0,0,0,14,192,194,194,0,195,195,214,112,0,0,0,15,92,214,112,0,0,0,16,177,83,112,104,101,114,101,32,50,32,77,97,116,101,114,105,97,108,168,83,112,104,101,114,101,32,50,144,66,203,191,246,155,116,190,36,27,181,217,36,56,50,50,56,48,48,50,97,45,101,55,98,54,45,52,55,98,54,45,56,102,53,101,45,97,100,100,52,97,57,55,54,102,51,51,54,90,214,112,0,0,0,8,214,112,0,0,0,9,195,164,77,101,115,104,194,214,112,0,0,0,10,214,112,0,0,0,11,147,203,192,65,137,138,52,239,232,0,203,64,34,71,211,101,201,117,240,42,147,0,0,0,214,112,0,0,0,13,214,112,0,0,0,14,192,194,194,0,195,195,91,203,64,85,9,138,52,239,231,255,204,64,204,64,0,203,64,25,33,251,84,68,45,24,0,204,180,203,64,106,247,5,147,70,209,66,204,84,174,83,112,104,101,114,101,71,101,111,109,101,116,114,121,92,212,2,0,146,93,0,94,0,194,195,212,0,0,5,212,0,0,1,165,112,104,111,110,103,81,203,63,201,153,153,153,153,153,154,203,63,201,153,153,153,153,153,154,203,63,201,153,153,153,153,153,154,5,165,108,105,103,104,116,195,203,63,227,51,51,51,51,51,51,166,108,97,121,101,114,49,93,1,95,1,0,194,195,165,99,111,108,111,114,81,203,63,213,21,21,21,21,21,21,203,63,213,21,21,21,21,21,21,203,63,214,214,214,214,214,214,215,166,108,97,121,101,114,50,175,83,112,104,101,114,101,32,77,97,116,101,114,105,97,108,166,83,112,104,101,114,101,144,212,114,96,148,162,102,105,164,100,97,116,97,162,105,100,168,99,104,105,108,100,114,101,110,255,212,114,97,220,0,21,166,115,116,97,116,101,115,166,101,118,101,110,116,115,167,118,105,115,105,98,108,101,171,114,97,121,99,97,115,116,76,111,99,107,167,112,104,121,115,105,99,115,172,112,97,116,104,83,110,97,112,112,105,110,103,168,112,111,115,105,116,105,111,110,168,114,111,116,97,116,105,111,110,165,115,99,97,108,101,172,104,105,100,100,101,110,77,97,116,114,105,120,166,99,108,111,110,101,114,164,116,121,112,101,165,99,111,108,111,114,169,105,110,116,101,110,115,105,116,121,167,115,104,97,100,111,119,115,164,115,105,122,101,165,100,101,112,116,104,172,112,101,110,117,109,98,114,97,83,105,122,101,176,115,104,97,100,111,119,82,101,115,111,108,117,116,105,111,110,172,115,104,97,100,111,119,82,97,100,105,117,115,164,110,97,109,101,214,112,0,0,0,1,214,112,0,0,0,2,195,194,214,112,0,0,0,17,214,112,0,0,0,5,147,204,200,205,1,44,205,1,44,214,112,0,0,0,18,214,112,0,0,0,6,214,112,0,0,0,7,192,176,68,105,114,101,99,116,105,111,110,97,108,76,105,103,104,116,70,1,1,1,1,203,63,230,102,102,102,102,102,102,195,205,7,208,206,0,1,134,160,203,63,224,0,0,0,0,0,0,205,4,0,1,177,68,105,114,101,99,116,105,111,110,97,108,32,76,105,103,104,116,217,36,56,51,48,97,50,55,48,56,45,56,101,100,57,45,52,57,99,102,45,97,54,56,101,45,48,56,53,50,57,57,56,57,57,49,48,51,144,212,114,98,155,173,111,114,98,105,116,67,111,110,116,114,111,108,115,168,112,108,97,121,80,97,103,101,174,119,105,116,104,66,97,99,107,103,114,111,117,110,100,173,112,114,101,118,101,110,116,83,99,114,111,108,108,178,112,114,101,118,101,110,116,84,111,117,99,104,83,99,114,111,108,108,170,104,105,100,101,67,117,114,115,111,114,176,109,111,117,115,101,69,118,101,110,116,84,97,114,103,101,116,183,106,111,121,115,116,105,99,107,83,105,122,101,65,110,100,88,89,79,102,102,115,101,116,168,115,101,116,116,105,110,103,115,171,115,116,111,112,82,97,121,99,97,115,116,174,104,100,84,114,97,110,115,109,105,115,115,105,111,110,212,114,99,220,0,24,169,101,110,97,98,108,101,80,97,110,170,101,110,97,98,108,101,90,111,111,109,172,101,110,97,98,108,101,82,111,116,97,116,101,173,101,110,97,98,108,101,68,97,109,112,105,110,103,178,114,111,116,97,116,105,111,110,76,105,109,105,116,115,77,111,100,101,182,114,111,116,97,116,105,111,110,86,101,114,116,105,99,97,108,79,102,102,115,101,116,184,114,111,116,97,116,105,111,110,72,111,114,105,122,111,110,116,97,108,79,102,102,115,101,116,177,114,111,116,97,116,105,111,110,83,111,102,116,76,105,109,105,116,173,112,97,110,76,105,109,105,116,115,77,111,100,101,177,112,97,110,86,101,114,116,105,99,97,108,79,102,102,115,101,116,179,112,97,110,72,111,114,105,122,111,110,116,97,108,79,102,102,115,101,116,172,112,97,110,83,111,102,116,76,105,109,105,116,177,122,111,111,109,76,105,109,105,116,115,69,110,97,98,108,101,100,170,122,111,111,109,76,105,109,105,116,115,170,97,117,116,111,82,111,116,97,116,101,175,97,117,116,111,82,111,116,97,116,101,83,112,101,101,100,179,97,117,116,111,82,111,116,97,116,101,67,108,111,99,107,119,105,115,101,178,104,111,118,101,114,82,111,116,97,116,101,80,97,110,77,111,100,101,182,104,111,118,101,114,82,111,116,97,116,101,80,97,110,83,116,114,101,110,103,116,104,178,104,111,118,101,114,82,111,116,97,116,101,68,97,109,112,105,110,103,171,105,115,84,111,117,99,104,90,111,111,109,172,111,114,98,105,116,84,111,117,99,104,101,115,170,112,97,110,84,111,117,99,104,101,115,190,114,101,115,101,116,72,111,118,101,114,69,102,102,101,99,116,79,110,80,111,105,110,116,101,114,76,101,97,118,101,195,195,195,195,0,212,114,100,146,163,109,105,110,163,109,97,120,203,63,233,33,251,84,68,45,24,203,63,233,33,251,84,68,45,24,100,203,63,233,33,251,84,68,45,24,203,63,233,33,251,84,68,45,24,2,0,100,204,250,204,250,100,204,250,204,250,2,194,100,203,63,185,153,153,153,153,153,154,2,194,2,195,0,20,203,63,192,0,0,0,0,0,0,195,2,3,195,217,36,97,50,49,56,102,99,99,51,45,50,55,54,98,45,52,57,98,57,45,98,52,56,53,45,52,57,48,51,55,102,100,49,52,102,53,102,195,194,194,194,166,99,97,110,118,97,115,156,147,204,120,146,30,226,164,115,104,111,119,147,204,120,146,0,226,164,115,104,111,119,147,204,120,146,0,226,164,115,104,111,119,147,204,120,146,0,226,164,115,104,111,119,147,204,120,146,226,226,164,115,104,111,119,147,204,120,146,30,30,164,115,104,111,119,147,204,120,146,0,30,164,115,104,111,119,147,204,120,146,0,30,164,115,104,111,119,147,204,120,146,0,30,164,115,104,111,119,147,204,120,146,226,30,164,115,104,111,119,147,204,120,146,30,0,164,115,104,111,119,147,204,120,146,226,0,164,115,104,111,119,212,114,101,147,165,105,109,97,103,101,165,118,105,100,101,111,163,119,101,98,212,114,102,146,166,102,111,114,109,97,116,165,114,97,116,105,111,163,106,112,103,1,212,114,103,151,166,102,111,114,109,97,116,171,105,109,97,103,101,70,111,114,109,97,116,163,102,112,115,164,109,98,112,115,165,114,97,116,105,111,168,115,116,111,112,77,111,100,101,168,100,117,114,97,116,105,111,110,163,109,112,52,163,106,112,103,30,204,80,1,166,109,97,110,117,97,108,205,19,136,212,114,104,149,164,108,111,103,111,168,99,111,109,112,114,101,115,115,166,112,114,101,115,101,116,167,112,114,101,108,111,97,100,164,104,105,110,116,195,195,1,195,194,195,194,212,114,105,156,164,109,111,100,101,166,112,114,111,109,112,116,174,110,101,103,97,116,105,118,101,80,114,111,109,112,116,165,115,116,121,108,101,172,105,115,82,97,110,100,111,109,83,101,101,100,164,115,101,101,100,169,103,117,101,115,115,77,111,100,101,168,97,100,118,97,110,99,101,100,165,115,116,101,112,115,173,103,117,105,100,97,110,99,101,83,99,97,108,101,175,99,111,110,116,114,111,108,78,101,116,83,99,97,108,101,169,109,111,100,105,102,105,101,114,115,173,108,105,110,101,45,97,114,116,45,98,111,116,104,160,160,212,114,106,148,162,105,100,165,108,97,98,101,108,165,115,116,121,108,101,166,112,114,111,109,112,116,165,98,97,115,105,99,165,66,97,115,105,99,164,78,111,110,101,160,195,206,0,1,56,94,194,194,20,203,64,30,0,0,0,0,0,0,1,212,114,107,154,167,119,101,97,116,104,101,114,167,115,104,97,100,111,119,115,171,108,105,103,104,116,79,114,105,103,105,110,171,116,101,109,112,101,114,97,116,117,114,101,163,115,117,110,166,99,97,109,101,114,97,171,101,110,118,105,114,111,110,109,101,110,116,169,112,97,114,116,105,99,108,101,115,166,110,97,116,117,114,101,165,102,108,111,111,114,0,0,0,0,0,0,0,0,0,0,212,1,0,212,114,108,145,217,36,55,50,102,99,50,57,57,51,45,50,100,97,51,45,52,98,54,98,45,57,54,97,99,45,50,56,55,57,100,98,51,97,50,56,98,100,212,114,109,150,166,112,114,101,115,101,116,175,97,108,108,111,119,82,101,115,112,111,110,115,105,118,101,164,115,105,122,101,166,99,111,111,114,100,115,170,115,99,101,110,101,83,99,97,108,101,165,99,111,108,111,114,170,102,117,108,108,115,99,114,101,101,110,194,146,205,2,0,205,2,0,146,0,0,1,70,0,0,0,203,63,224,0,0,0,0,0,0,212,114,110,153,168,99,97,116,101,108,111,103,115,169,109,97,116,101,114,105,97,108,115,166,105,109,97,103,101,115,166,118,105,100,101,111,115,166,99,111,108,111,114,115,166,97,117,100,105,111,115,165,102,111,110,116,115,169,118,97,114,105,97,98,108,101,115,163,108,105,98,212,1,0,212,114,111,144,212,1,0,111,212,1,0,111,212,1,0,111,212,1,0,111,212,1,0,111,212,1,0,111,212,2,0,144,212,114,112,152,166,105,109,97,103,101,115,166,118,105,100,101,111,115,166,99,111,108,111,114,115,166,97,117,100,105,111,115,165,102,111,110,116,115,169,109,97,116,101,114,105,97,108,115,170,99,111,109,112,111,110,101,110,116,115,169,118,97,114,105,97,98,108,101,115,212,1,0,111,212,1,0,111,212,1,0,111,212,1,0,111,212,1,0,111,212,1,0,111,212,1,0,111,212,1,0,111,167,48,46,57,46,52,56,57]).then(onLoad);
				
